0000000
0000000
0000000
0000000
0000000
1111200

1200000
1200000
1200000
2210000
2120000
1211000

0020000
0111120
0221112
2121212
2112212
1221121

0000000
0000000
0000000
0000000
0000000
1111200

1200000
1200000
1200000
2210000
2120000
1211000

0020000
0111120
0221112
2121212
2112212
1221121

0000000
0000000
0000000
0000000
0000000
1111200

1200000
1200000
1200000
2210000
2120000
1211000

0020000
0111120
0221112
2121212
2112212
1221121

0000000
0000000
0000000
0000000
0000000
1111200

1200000
1200000
1200000
2210000
2120000
1211000

0020000
0111120
0221112
2121212
2112212
1221121

0000000
0000000
0000000
0000000
0000000
1111200

1200000
1200000
1200000
2210000
2120000
1211000

0020000
0111120
0221112
2121212
2112212
1221121

0000000
0000000
0000000
0000000
0000000
1111200

1200000
1200000
1200000
2210000
2120000
1211000

0020000
0111120
0221112
2121212
2112212
1221121

0000000
0000000
0000000
0000000
0000000
1111200

1200000
1200000
1200000
2210000
2120000
1211000

0020000
0111120
0221112
2121212
2112212
1221121

0000000
0000000
0000000
0000000
0000000
1111200

1200000
1200000
1200000
2210000
2120000
1211000

0020000
0111120
0221112
2121212
2112212
1221121